(-36.93,17.01)
(-14.67,-44.78)
(-14.68,-28.62)
(30.61,-9.64006)
(19.87,-9.98003)
(13.18,6.66999)
(11.92,-31.65)
(-2.56004,14.28)
(48.37,-25.05)
(-6.12,43.41)
(49.21,45.18)
(22.42,21.27)
(-4.81997,-2.37002)
(1.27,-27.91)
(-29.53,47.63)
(2.92002,37.75)
(26.51,-11.14)
(-32.32,41.9)
(41.88,2.56)
(-37.35,26.85)
(-0.660034,43.9)
(-38.92,-7.74998)
(4.83002,-8.61)
(43.7,-10.19)
(-31.06,25.14)
(-20.91,-24.5)
(-40.77,-39.24)
(-5.22002,-15.91)
(23.55,43.46)
(-33.94,-5.76998)
(-3.83997,1.36998)
(7.37999,-19.92)
(32.5299,25.17)
(21.63,49.54)
(-41.68,-22.65)
(-48.95,-33.69)
(-36.91,31.73)
(-19.58,-45.81)
(2.3,-29.78)
(-38.28,-16.16)
(-15.15,14.51)
(-10.39,-28.1)
(46.2,33.1)
(32.67,41.47)
(29.91,39.28)
(-23.51,-1.20002)
(41.46,11.62)
(24.15,38.97)
(22.32,2.70621e-06)
(-49.95,-1.77299e-05)
(22.96,10.79)
(-9.27998,-23.0299)
(-23.09,8.12001)
(38.52,1.19997)
(-26.47,-27.74)
(-45.14,-1.82692e-06)
(39.66,-32.05)
(-3.27003,48.71)
(-20.73,22)
(9.59002,-35.48)
(-37.9,44.23)
(-15.34,-31.38)
(-7.03001,-9.09801e-07)
(-4.90999,-2.22003)
(-31.24,28.05)
(-47.96,6.84004)
(-39.01,-22.94)
(-4.16003,2.34)
(-46.09,40.86)
(-39.22,23.03)
(-2.38999,-36.04)
(48.9,25.89)
(-25.1,47.8)
(-36.11,17.5)
(19.96,3.88728e-06)
(12.4801,-49.38)
(-41.23,-0.200003)
(4.53,-17.66)
(12.14,-3.79963e-05)
(-19.27,9.98004)
(-41.42,-0.360001)
(47.89,-21.5)
(-37.73,-16.55)
(36.94,0.369988)
(35.81,-18.25)
(-34.23,29.84)
(39.64,8.06004)
(43.6,-30.57)
(23.84,-6.27)
(-28.16,33.36)
(-11.49,11.96)
(27.31,-26.04)
(24.76,4.48004)
(8.19999,33.17)
(5.91002,-32.35)
(10.61,3.54365e-05)
(-28.78,-15.46)
(-2.61003,-2.27997)
(47.35,42.18)
(-47.89,-9.63999)

