(-234.56,246.72)
(217.23,4.16)
(79.91,-237.2)
(-534.14,9.12)
(330.07,-97.94)
(-283.19,2.09)
(-80.83,-34.64)
(53.15,451.56)
(-127.19,-507.47)
(102.74,-46.49)
(0.88,384.19)
(16.75,62.18)
(1.29,74.74)
(36.08,53.24)
(-33.93,243.03)
(-83.73,-216.23)
(44.44,-372.71)
(65.98,-437.88)
(-31.21,-237.58)
(239.66,274.7)
(-226.94,14.83)
(161.92,38.45)
(-203.18,340.61)
(-42.12,-189.33)
(62.43,-563.55)
(-282.88,-59.93)
(-156.85,37.41)
(103.63,-52.38)
(-62.4,444.62)
(-307.45,259.37)
(278.29,476.1)
(-64.45,-5.29)
(298.59,-414.53)
(-386.31,62.42)
(-137.46,315.16)
(-196.86,202.36)
(378.89,297.42)
(-433.87,-294.52)
(177.94,-12.25)
(239.31,-308.49)
(211.69,873.52)
(-102.86,559.06)
(-72.37,679.11)
(178.68,-132.23)
(-141.32,-159.42)
(-84.98,228.71)
(-98.45,248.73)
(-207.14,111.95)
(137.82,-81.83)
(65.24,-551.26)
(228.87,219.06)
(-95.68,142.95)
(358.23,-138.71)
(-139.14,269.95)
(-30.69,-172.99)
(-63.49,322.19)
(218.65,-20.63)
(57.37,340.73)
(-63.63,453.78)
(-44.01,-406.24)
(-40.98,-195.38)
(218.52,120.4)
(-68.5,-40)
(619.07,90.67)
(204.66,-180.26)
(-126.14,5.33)
(216.16,-273.25)
(-455.44,-17.19)
(239.29,-173.35)
(189.2,-312.42)
(61.03,-148.05)
(-654.27,-319.08)
(-97.9,735.3)
(-66.59,-321.56)
(-43.58,-164.95)
(-4.43,764.59)
(120.91,-197.94)
(-51.58,-526.67)
(119.38,-201.51)
(165.05,584.82)
(-1004.8,-315.28)
(-249.66,187.26)
(-148.06,298.09)
(-180.39,115.02)
(-178.58,-132.51)
(-470.18,27.19)
(-112.35,117.91)
(180.68,-311.36)
(-78.48,92.45)
(-272.03,65.82)
(-49.59,-30.2)
(-220.13,365.2)
(-583.08,-124.06)
(372.27,39.69)
(-501.34,102.99)
(-269.18,-416.01)
(-390.73,-255.99)
(-348.9,-392.41)
(531.1,178.44)
(444.24,-133.23)

